Mois,Capital Restant,Intérêts,Principal,Assurance,Mensualité Totale
1,175000,00,218,75,481,14,510,42,1210,31
2,174518,86,218,15,481,74,510,42,1210,31
3,174037,12,217,55,482,34,510,42,1210,31
4,173554,78,216,94,482,95,510,42,1210,31
5,173071,83,216,34,483,55,510,42,1210,31
6,172588,29,215,74,484,15,510,42,1210,31
7,172104,13,215,13,484,76,510,42,1210,31
8,171619,37,214,52,485,36,510,42,1210,31
9,171134,01,213,92,485,97,510,42,1210,31
10,170648,04,213,31,486,58,510,42,1210,31
11,170161,46,212,70,487,19,510,42,1210,31
12,169674,27,212,09,487,80,510,42,1210,31
13,169186,48,211,48,488,41,510,42,1210,31
14,168698,07,210,87,489,02,510,42,1210,31
15,168209,06,210,26,489,63,510,42,1210,31
16,167719,43,209,65,490,24,510,42,1210,31
17,167229,19,209,04,490,85,510,42,1210,31
18,166738,34,208,42,491,47,510,42,1210,31
19,166246,87,207,81,492,08,510,42,1210,31
20,165754,79,207,19,492,70,510,42,1210,31
21,165262,10,206,58,493,31,510,42,1210,31
22,164768,79,205,96,493,93,510,42,1210,31
23,164274,86,205,34,494,54,510,42,1210,31
24,163780,31,204,73,495,16,510,42,1210,31
25,163285,15,204,11,495,78,510,42,1210,31
26,162789,37,203,49,496,40,510,42,1210,31
27,162292,97,202,87,497,02,510,42,1210,31
28,161795,94,202,24,497,64,510,42,1210,31
29,161298,30,201,62,498,27,510,42,1210,31
30,160800,03,201,00,498,89,510,42,1210,31
31,160301,15,200,38,499,51,510,42,1210,31
32,159801,63,199,75,500,14,510,42,1210,31
33,159301,50,199,13,500,76,510,42,1210,31
34,158800,74,198,50,501,39,510,42,1210,31
35,158299,35,197,87,502,01,510,42,1210,31
36,157797,33,197,25,502,64,510,42,1210,31
37,157294,69,196,62,503,27,510,42,1210,31
38,156791,42,195,99,503,90,510,42,1210,31
39,156287,52,195,36,504,53,510,42,1210,31
40,155782,99,194,73,505,16,510,42,1210,31
41,155277,83,194,10,505,79,510,42,1210,31
42,154772,04,193,47,506,42,510,42,1210,31
43,154265,62,192,83,507,06,510,42,1210,31
44,153758,56,192,20,507,69,510,42,1210,31
45,153250,87,191,56,508,32,510,42,1210,31
46,152742,55,190,93,508,96,510,42,1210,31
47,152233,59,190,29,509,60,510,42,1210,31
48,151723,99,189,65,510,23,510,42,1210,31
49,151213,76,189,02,510,87,510,42,1210,31
50,150702,88,188,38,511,51,510,42,1210,31
51,150191,37,187,74,512,15,510,42,1210,31
52,149679,22,187,10,512,79,510,42,1210,31
53,149166,44,186,46,513,43,510,42,1210,31
54,148653,00,185,82,514,07,510,42,1210,31
55,148138,93,185,17,514,71,510,42,1210,31
56,147624,22,184,53,515,36,510,42,1210,31
57,147108,86,183,89,516,00,510,42,1210,31
58,146592,86,183,24,516,65,510,42,1210,31
59,146076,21,182,60,517,29,510,42,1210,31
60,145558,92,181,95,517,94,510,42,1210,31
61,145040,98,181,30,518,59,510,42,1210,31
62,144522,39,180,65,519,24,510,42,1210,31
63,144003,15,180,00,519,88,510,42,1210,31
64,143483,27,179,35,520,53,510,42,1210,31
65,142962,73,178,70,521,19,510,42,1210,31
66,142441,55,178,05,521,84,510,42,1210,31
67,141919,71,177,40,522,49,510,42,1210,31
68,141397,22,176,75,523,14,510,42,1210,31
69,140874,08,176,09,523,80,510,42,1210,31
70,140350,29,175,44,524,45,510,42,1210,31
71,139825,83,174,78,525,11,510,42,1210,31
72,139300,73,174,13,525,76,510,42,1210,31
73,138774,97,173,47,526,42,510,42,1210,31
74,138248,55,172,81,527,08,510,42,1210,31
75,137721,47,172,15,527,74,510,42,1210,31
76,137193,73,171,49,528,40,510,42,1210,31
77,136665,33,170,83,529,06,510,42,1210,31
78,136136,28,170,17,529,72,510,42,1210,31
79,135606,56,169,51,530,38,510,42,1210,31
80,135076,18,168,85,531,04,510,42,1210,31
81,134545,14,168,18,531,71,510,42,1210,31
82,134013,43,167,52,532,37,510,42,1210,31
83,133481,06,166,85,533,04,510,42,1210,31
84,132948,02,166,19,533,70,510,42,1210,31
85,132414,32,165,52,534,37,510,42,1210,31
86,131879,95,164,85,535,04,510,42,1210,31
87,131344,91,164,18,535,71,510,42,1210,31
88,130809,20,163,51,536,38,510,42,1210,31
89,130272,82,162,84,537,05,510,42,1210,31
90,129735,77,162,17,537,72,510,42,1210,31
91,129198,06,161,50,538,39,510,42,1210,31
92,128659,66,160,82,539,06,510,42,1210,31
93,128120,60,160,15,539,74,510,42,1210,31
94,127580,86,159,48,540,41,510,42,1210,31
95,127040,45,158,80,541,09,510,42,1210,31
96,126499,36,158,12,541,76,510,42,1210,31
97,125957,60,157,45,542,44,510,42,1210,31
98,125415,16,156,77,543,12,510,42,1210,31
99,124872,04,156,09,543,80,510,42,1210,31
100,124328,24,155,41,544,48,510,42,1210,31
101,123783,76,154,73,545,16,510,42,1210,31
102,123238,60,154,05,545,84,510,42,1210,31
103,122692,76,153,37,546,52,510,42,1210,31
104,122146,24,152,68,547,21,510,42,1210,31
105,121599,03,152,00,547,89,510,42,1210,31
106,121051,14,151,31,548,57,510,42,1210,31
107,120502,57,150,63,549,26,510,42,1210,31
108,119953,31,149,94,549,95,510,42,1210,31
109,119403,36,149,25,550,63,510,42,1210,31
110,118852,73,148,57,551,32,510,42,1210,31
111,118301,40,147,88,552,01,510,42,1210,31
112,117749,39,147,19,552,70,510,42,1210,31
113,117196,69,146,50,553,39,510,42,1210,31
114,116643,30,145,80,554,08,510,42,1210,31
115,116089,21,145,11,554,78,510,42,1210,31
116,115534,44,144,42,555,47,510,42,1210,31
117,114978,97,143,72,556,16,510,42,1210,31
118,114422,80,143,03,556,86,510,42,1210,31
119,113865,94,142,33,557,56,510,42,1210,31
120,113308,38,141,64,558,25,510,42,1210,31
121,112750,13,140,94,558,95,510,42,1210,31
122,112191,18,140,24,559,65,510,42,1210,31
123,111631,53,139,54,560,35,510,42,1210,31
124,111071,18,138,84,561,05,510,42,1210,31
125,110510,13,138,14,561,75,510,42,1210,31
126,109948,38,137,44,562,45,510,42,1210,31
127,109385,93,136,73,563,16,510,42,1210,31
128,108822,77,136,03,563,86,510,42,1210,31
129,108258,91,135,32,564,56,510,42,1210,31
130,107694,35,134,62,565,27,510,42,1210,31
131,107129,08,133,91,565,98,510,42,1210,31
132,106563,10,133,20,566,68,510,42,1210,31
133,105996,41,132,50,567,39,510,42,1210,31
134,105429,02,131,79,568,10,510,42,1210,31
135,104860,92,131,08,568,81,510,42,1210,31
136,104292,11,130,37,569,52,510,42,1210,31
137,103722,58,129,65,570,24,510,42,1210,31
138,103152,35,128,94,570,95,510,42,1210,31
139,102581,40,128,23,571,66,510,42,1210,31
140,102009,74,127,51,572,38,510,42,1210,31
141,101437,36,126,80,573,09,510,42,1210,31
142,100864,27,126,08,573,81,510,42,1210,31
143,100290,46,125,36,574,53,510,42,1210,31
144,99715,94,124,64,575,24,510,42,1210,31
145,99140,69,123,93,575,96,510,42,1210,31
146,98564,73,123,21,576,68,510,42,1210,31
147,97988,05,122,49,577,40,510,42,1210,31
148,97410,64,121,76,578,13,510,42,1210,31
149,96832,52,121,04,578,85,510,42,1210,31
150,96253,67,120,32,579,57,510,42,1210,31
151,95674,10,119,59,580,30,510,42,1210,31
152,95093,80,118,87,581,02,510,42,1210,31
153,94512,78,118,14,581,75,510,42,1210,31
154,93931,03,117,41,582,47,510,42,1210,31
155,93348,56,116,69,583,20,510,42,1210,31
156,92765,36,115,96,583,93,510,42,1210,31
157,92181,42,115,23,584,66,510,42,1210,31
158,91596,76,114,50,585,39,510,42,1210,31
159,91011,37,113,76,586,12,510,42,1210,31
160,90425,25,113,03,586,86,510,42,1210,31
161,89838,39,112,30,587,59,510,42,1210,31
162,89250,80,111,56,588,33,510,42,1210,31
163,88662,47,110,83,589,06,510,42,1210,31
164,88073,41,110,09,589,80,510,42,1210,31
165,87483,62,109,35,590,53,510,42,1210,31
166,86893,08,108,62,591,27,510,42,1210,31
167,86301,81,107,88,592,01,510,42,1210,31
168,85709,80,107,14,592,75,510,42,1210,31
169,85117,05,106,40,593,49,510,42,1210,31
170,84523,55,105,65,594,23,510,42,1210,31
171,83929,32,104,91,594,98,510,42,1210,31
172,83334,34,104,17,595,72,510,42,1210,31
173,82738,62,103,42,596,47,510,42,1210,31
174,82142,16,102,68,597,21,510,42,1210,31
175,81544,95,101,93,597,96,510,42,1210,31
176,80946,99,101,18,598,70,510,42,1210,31
177,80348,28,100,44,599,45,510,42,1210,31
178,79748,83,99,69,600,20,510,42,1210,31
179,79148,63,98,94,600,95,510,42,1210,31
180,78547,68,98,18,601,70,510,42,1210,31
181,77945,97,97,43,602,46,510,42,1210,31
182,77343,52,96,68,603,21,510,42,1210,31
183,76740,31,95,93,603,96,510,42,1210,31
184,76136,34,95,17,604,72,510,42,1210,31
185,75531,63,94,41,605,47,510,42,1210,31
186,74926,15,93,66,606,23,510,42,1210,31
187,74319,92,92,90,606,99,510,42,1210,31
188,73712,93,92,14,607,75,510,42,1210,31
189,73105,18,91,38,608,51,510,42,1210,31
190,72496,68,90,62,609,27,510,42,1210,31
191,71887,41,89,86,610,03,510,42,1210,31
192,71277,38,89,10,610,79,510,42,1210,31
193,70666,59,88,33,611,56,510,42,1210,31
194,70055,03,87,57,612,32,510,42,1210,31
195,69442,71,86,80,613,09,510,42,1210,31
196,68829,63,86,04,613,85,510,42,1210,31
197,68215,78,85,27,614,62,510,42,1210,31
198,67601,16,84,50,615,39,510,42,1210,31
199,66985,77,83,73,616,16,510,42,1210,31
200,66369,61,82,96,616,93,510,42,1210,31
201,65752,69,82,19,617,70,510,42,1210,31
202,65134,99,81,42,618,47,510,42,1210,31
203,64516,52,80,65,619,24,510,42,1210,31
204,63897,28,79,87,620,02,510,42,1210,31
205,63277,26,79,10,620,79,510,42,1210,31
206,62656,47,78,32,621,57,510,42,1210,31
207,62034,90,77,54,622,34,510,42,1210,31
208,61412,56,76,77,623,12,510,42,1210,31
209,60789,43,75,99,623,90,510,42,1210,31
210,60165,53,75,21,624,68,510,42,1210,31
211,59540,85,74,43,625,46,510,42,1210,31
212,58915,39,73,64,626,24,510,42,1210,31
213,58289,14,72,86,627,03,510,42,1210,31
214,57662,11,72,08,627,81,510,42,1210,31
215,57034,30,71,29,628,60,510,42,1210,31
216,56405,71,70,51,629,38,510,42,1210,31
217,55776,33,69,72,630,17,510,42,1210,31
218,55146,16,68,93,630,96,510,42,1210,31
219,54515,20,68,14,631,74,510,42,1210,31
220,53883,46,67,35,632,53,510,42,1210,31
221,53250,92,66,56,633,32,510,42,1210,31
222,52617,60,65,77,634,12,510,42,1210,31
223,51983,48,64,98,634,91,510,42,1210,31
224,51348,57,64,19,635,70,510,42,1210,31
225,50712,87,63,39,636,50,510,42,1210,31
226,50076,37,62,60,637,29,510,42,1210,31
227,49439,08,61,80,638,09,510,42,1210,31
228,48800,99,61,00,638,89,510,42,1210,31
229,48162,10,60,20,639,69,510,42,1210,31
230,47522,42,59,40,640,49,510,42,1210,31
231,46881,93,58,60,641,29,510,42,1210,31
232,46240,65,57,80,642,09,510,42,1210,31
233,45598,56,57,00,642,89,510,42,1210,31
234,44955,67,56,19,643,69,510,42,1210,31
235,44311,97,55,39,644,50,510,42,1210,31
236,43667,47,54,58,645,30,510,42,1210,31
237,43022,17,53,78,646,11,510,42,1210,31
238,42376,06,52,97,646,92,510,42,1210,31
239,41729,14,52,16,647,73,510,42,1210,31
240,41081,41,51,35,648,54,510,42,1210,31
241,40432,88,50,54,649,35,510,42,1210,31
242,39783,53,49,73,650,16,510,42,1210,31
243,39133,37,48,92,650,97,510,42,1210,31
244,38482,40,48,10,651,79,510,42,1210,31
245,37830,61,47,29,652,60,510,42,1210,31
246,37178,01,46,47,653,42,510,42,1210,31
247,36524,60,45,66,654,23,510,42,1210,31
248,35870,36,44,84,655,05,510,42,1210,31
249,35215,31,44,02,655,87,510,42,1210,31
250,34559,44,43,20,656,69,510,42,1210,31
251,33902,75,42,38,657,51,510,42,1210,31
252,33245,24,41,56,658,33,510,42,1210,31
253,32586,91,40,73,659,15,510,42,1210,31
254,31927,76,39,91,659,98,510,42,1210,31
255,31267,78,39,08,660,80,510,42,1210,31
256,30606,97,38,26,661,63,510,42,1210,31
257,29945,34,37,43,662,46,510,42,1210,31
258,29282,89,36,60,663,28,510,42,1210,31
259,28619,60,35,77,664,11,510,42,1210,31
260,27955,49,34,94,664,94,510,42,1210,31
261,27290,54,34,11,665,78,510,42,1210,31
262,26624,77,33,28,666,61,510,42,1210,31
263,25958,16,32,45,667,44,510,42,1210,31
264,25290,72,31,61,668,28,510,42,1210,31
265,24622,45,30,78,669,11,510,42,1210,31
266,23953,33,29,94,669,95,510,42,1210,31
267,23283,39,29,10,670,78,510,42,1210,31
268,22612,60,28,27,671,62,510,42,1210,31
269,21940,98,27,43,672,46,510,42,1210,31
270,21268,52,26,59,673,30,510,42,1210,31
271,20595,22,25,74,674,14,510,42,1210,31
272,19921,07,24,90,674,99,510,42,1210,31
273,19246,08,24,06,675,83,510,42,1210,31
274,18570,25,23,21,676,68,510,42,1210,31
275,17893,58,22,37,677,52,510,42,1210,31
276,17216,06,21,52,678,37,510,42,1210,31
277,16537,69,20,67,679,22,510,42,1210,31
278,15858,47,19,82,680,07,510,42,1210,31
279,15178,41,18,97,680,92,510,42,1210,31
280,14497,49,18,12,681,77,510,42,1210,31
281,13815,72,17,27,682,62,510,42,1210,31
282,13133,10,16,42,683,47,510,42,1210,31
283,12449,63,15,56,684,33,510,42,1210,31
284,11765,31,14,71,685,18,510,42,1210,31
285,11080,12,13,85,686,04,510,42,1210,31
286,10394,08,12,99,686,90,510,42,1210,31
287,9707,19,12,13,687,75,510,42,1210,31
288,9019,43,11,27,688,61,510,42,1210,31
289,8330,82,10,41,689,48,510,42,1210,31
290,7641,34,9,55,690,34,510,42,1210,31
291,6951,01,8,69,691,20,510,42,1210,31
292,6259,81,7,82,692,06,510,42,1210,31
293,5567,74,6,96,692,93,510,42,1210,31
294,4874,82,6,09,693,80,510,42,1210,31
295,4181,02,5,23,694,66,510,42,1210,31
296,3486,36,4,36,695,53,510,42,1210,31
297,2790,83,3,49,696,40,510,42,1210,31
298,2094,43,2,62,697,27,510,42,1210,31
299,1397,16,1,75,698,14,510,42,1210,31
300,699,01,0,87,699,01,510,42,1210,31

Résumé,Montant
Capital initial,175000,00
Total intérêts,34966,57
Total assurance,153125,00
Coût total du crédit,188091,57
